zoddyoddfreqs:, k index, k1, k2, k3, kmag/2pi, zoddyodd band 1
zoddyoddfreqs:, 1, 0, 0, 0, 0, 0.112901
zoddyoddfreqs:, 2, 0.0102041, 0, 0, 0.0102041, 0.113173
zoddyoddfreqs:, 3, 0.0204082, 0, 0, 0.0204082, 0.113974
zoddyoddfreqs:, 4, 0.0306122, 0, 0, 0.0306122, 0.115259
zoddyoddfreqs:, 5, 0.0408163, 0, 0, 0.0408163, 0.116954
zoddyoddfreqs:, 6, 0.0510204, 0, 0, 0.0510204, 0.118968
zoddyoddfreqs:, 7, 0.0612245, 0, 0, 0.0612245, 0.121199
zoddyoddfreqs:, 8, 0.0714286, 0, 0, 0.0714286, 0.123548
zoddyoddfreqs:, 9, 0.0816327, 0, 0, 0.0816327, 0.12593
zoddyoddfreqs:, 10, 0.0918367, 0, 0, 0.0918367, 0.128287
zoddyoddfreqs:, 11, 0.102041, 0, 0, 0.102041, 0.130583
zoddyoddfreqs:, 12, 0.112245, 0, 0, 0.112245, 0.132804
zoddyoddfreqs:, 13, 0.122449, 0, 0, 0.122449, 0.134952
zoddyoddfreqs:, 14, 0.132653, 0, 0, 0.132653, 0.137032
zoddyoddfreqs:, 15, 0.142857, 0, 0, 0.142857, 0.139057
zoddyoddfreqs:, 16, 0.153061, 0, 0, 0.153061, 0.141037
zoddyoddfreqs:, 17, 0.163265, 0, 0, 0.163265, 0.142981
zoddyoddfreqs:, 18, 0.173469, 0, 0, 0.173469, 0.144898
zoddyoddfreqs:, 19, 0.183673, 0, 0, 0.183673, 0.146793
zoddyoddfreqs:, 20, 0.193878, 0, 0, 0.193878, 0.148673
zoddyoddfreqs:, 21, 0.204082, 0, 0, 0.204082, 0.150542
zoddyoddfreqs:, 22, 0.214286, 0, 0, 0.214286, 0.152401
zoddyoddfreqs:, 23, 0.22449, 0, 0, 0.22449, 0.154254
zoddyoddfreqs:, 24, 0.234694, 0, 0, 0.234694, 0.156102
zoddyoddfreqs:, 25, 0.244898, 0, 0, 0.244898, 0.157945
zoddyoddfreqs:, 26, 0.255102, 0, 0, 0.255102, 0.159785
zoddyoddfreqs:, 27, 0.265306, 0, 0, 0.265306, 0.16162
zoddyoddfreqs:, 28, 0.27551, 0, 0, 0.27551, 0.163451
zoddyoddfreqs:, 29, 0.285714, 0, 0, 0.285714, 0.165277
zoddyoddfreqs:, 30, 0.295918, 0, 0, 0.295918, 0.167096
zoddyoddfreqs:, 31, 0.306122, 0, 0, 0.306122, 0.168908
zoddyoddfreqs:, 32, 0.316327, 0, 0, 0.316327, 0.170709
zoddyoddfreqs:, 33, 0.326531, 0, 0, 0.326531, 0.172497
zoddyoddfreqs:, 34, 0.336735, 0, 0, 0.336735, 0.174269
zoddyoddfreqs:, 35, 0.346939, 0, 0, 0.346939, 0.176022
zoddyoddfreqs:, 36, 0.357143, 0, 0, 0.357143, 0.177752
zoddyoddfreqs:, 37, 0.367347, 0, 0, 0.367347, 0.179452
zoddyoddfreqs:, 38, 0.377551, 0, 0, 0.377551, 0.181116
zoddyoddfreqs:, 39, 0.387755, 0, 0, 0.387755, 0.182737
zoddyoddfreqs:, 40, 0.397959, 0, 0, 0.397959, 0.184305
zoddyoddfreqs:, 41, 0.408163, 0, 0, 0.408163, 0.18581
zoddyoddfreqs:, 42, 0.418367, 0, 0, 0.418367, 0.187238
zoddyoddfreqs:, 43, 0.428571, 0, 0, 0.428571, 0.188573
zoddyoddfreqs:, 44, 0.438776, 0, 0, 0.438776, 0.189798
zoddyoddfreqs:, 45, 0.44898, 0, 0, 0.44898, 0.190892
zoddyoddfreqs:, 46, 0.459184, 0, 0, 0.459184, 0.191832
zoddyoddfreqs:, 47, 0.469388, 0, 0, 0.469388, 0.192596
zoddyoddfreqs:, 48, 0.479592, 0, 0, 0.479592, 0.19316
zoddyoddfreqs:, 49, 0.489796, 0, 0, 0.489796, 0.193507
zoddyoddfreqs:, 50, 0.5, 0, 0, 0.5, 0.193625
